1 1000 1001000
156 2327 2483144
484 823 1307304
526 790 1316315
631 704 1335332
632 2889 3521516
796 1376 2172503
872 1321 2193524
919 1676 2595592
940 3820 4760751
959 7904 8863848
1019 4138 5157814
1111 6172 7283936
1144 1508 2652649
1211 7846 9058042
1254 2594 3848843
1280 9865 11146124
1462 12866 14329301
1716 8384 10101417
1809 2988 4798124
1824 8695 10520500
1836 9376 11213527
2076 21172 23249871
2296 6761 9058708
2410 9526 11937915
2511 24124 26637252
2647 8376 11025004
2741 21718 24461414
2815 22376 25193480
2871 8272 11145124
2944 6784 9730047
3013 9274 12289266
3030 7470 10502149
3116 29736 32854793
3126 17890 21018645
3202 18549 21753714
3285 21250 24537826
3384 24279 27665948
3432 29676 33111049
3486 21538 25026981
3543 7544 11089404
3634 14629 18265898
3690 7830 11522501
3700 7824 11526505
3704 12151 15857828
3754 23851 27608222
3806 5842 9650299
4159 5152 9313296
4264 14377 18644276
4299 36250 40552810
4310 9685 13997974
4352 12919 17274244
4376 6600 10978625
4504 7681 12187832
4506 7291 11799778
4554 23626 28183797
4656 35839 40499088
4688 6756 11446761
4722 7131 11855834
4730 37851 42585170
4740 29376 34120055
4760 34460 39224151
4869 5786 10657638
4876 41872 46752329
5030 28274 33308245
5141 12154 17298602
5254 48878 54136699
5499 6490 11991970
5644 30144 35792727
5792 48436 54233129
5839 23188 29031644
5914 10942 16859829
5931 7366 13300278
5974 14254 20232197
6076 11593 17672976
6324 51025 57354580
6576 9288 15867841
6694 22846 29545157
6826 28725 35556490
6967 14416 21387684
7026 12490 19520485
7040 20920 27965249
7096 19464 26565183
7288 16084 23377001
7349 38878 46233146
7479 53136 60621508
7526 10549 18079382
7589 52434 60029582
7796 37364 45166417
7924 74319 82250092
7970 72626 80603115
